*****************************************************************
******************** EDA - Heart Disease UCI ********************
*****************************************************************

Data source: /home/sergey/Work/courses/made/semester-2/ml-in-prod/sergey-msu/ml_project/data/raw/heart.csv

*** Data shape:
(303, 14)

*** Head:
   age  sex  cp  trestbps  chol  fbs  restecg  thalach  exang  oldpeak  slope  ca  thal  target
0   63    1   3       145   233    1        0      150      0      2.3      0   0     1       1
1   37    1   2       130   250    0        1      187      0      3.5      0   0     2       1
2   41    0   1       130   204    0        0      172      0      1.4      2   0     2       1
3   56    1   1       120   236    0        1      178      0      0.8      2   0     2       1
4   57    0   0       120   354    0        1      163      1      0.6      2   0     2       1

*** Describe:
          age     sex      cp  trestbps    chol     fbs  restecg  thalach   exang  oldpeak   slope      ca    thal  target
count  303.00  303.00  303.00    303.00  303.00  303.00   303.00   303.00  303.00   303.00  303.00  303.00  303.00  303.00
mean    54.37    0.68    0.97    131.62  246.26    0.15     0.53   149.65    0.33     1.04    1.40    0.73    2.31    0.54
std      9.08    0.47    1.03     17.54   51.83    0.36     0.53    22.91    0.47     1.16    0.62    1.02    0.61    0.50
min     29.00    0.00    0.00     94.00  126.00    0.00     0.00    71.00    0.00     0.00    0.00    0.00    0.00    0.00
25%     47.50    0.00    0.00    120.00  211.00    0.00     0.00   133.50    0.00     0.00    1.00    0.00    2.00    0.00
50%     55.00    1.00    1.00    130.00  240.00    0.00     1.00   153.00    0.00     0.80    1.00    0.00    2.00    1.00
75%     61.00    1.00    2.00    140.00  274.50    0.00     1.00   166.00    1.00     1.60    2.00    1.00    3.00    1.00
max     77.00    1.00    3.00    200.00  564.00    1.00     2.00   202.00    1.00     6.20    2.00    4.00    3.00    1.00

*** Missing:
0

*** Targets:
{1: 165, 0: 138}

*** Categorical Distributions:
  sex    : {1: 207, 0: 96}
  cp     : {3: 23, 2: 87, 1: 50, 0: 143}
  fbs    : {1: 45, 0: 258}
  restecg: {0: 147, 1: 152, 2: 4}
  exang  : {0: 204, 1: 99}
  slope  : {0: 21, 2: 142, 1: 140}
  thal   : {1: 18, 2: 166, 3: 117, 0: 2}

*** Feature Correlations:
           age   sex    cp  trestbps  chol   fbs  restecg  thalach  exang  oldpeak  slope    ca  thal  target
age       1.00 -0.10 -0.07      0.28  0.21  0.12    -0.12    -0.40   0.10     0.21  -0.17  0.28  0.07   -0.23
sex      -0.10  1.00 -0.05     -0.06 -0.20  0.05    -0.06    -0.04   0.14     0.10  -0.03  0.12  0.21   -0.28
cp       -0.07 -0.05  1.00      0.05 -0.08  0.09     0.04     0.30  -0.39    -0.15   0.12 -0.18 -0.16    0.43
trestbps  0.28 -0.06  0.05      1.00  0.12  0.18    -0.11    -0.05   0.07     0.19  -0.12  0.10  0.06   -0.14
chol      0.21 -0.20 -0.08      0.12  1.00  0.01    -0.15    -0.01   0.07     0.05  -0.00  0.07  0.10   -0.09
fbs       0.12  0.05  0.09      0.18  0.01  1.00    -0.08    -0.01   0.03     0.01  -0.06  0.14 -0.03   -0.03
restecg  -0.12 -0.06  0.04     -0.11 -0.15 -0.08     1.00     0.04  -0.07    -0.06   0.09 -0.07 -0.01    0.14
thalach  -0.40 -0.04  0.30     -0.05 -0.01 -0.01     0.04     1.00  -0.38    -0.34   0.39 -0.21 -0.10    0.42
exang     0.10  0.14 -0.39      0.07  0.07  0.03    -0.07    -0.38   1.00     0.29  -0.26  0.12  0.21   -0.44
oldpeak   0.21  0.10 -0.15      0.19  0.05  0.01    -0.06    -0.34   0.29     1.00  -0.58  0.22  0.21   -0.43
slope    -0.17 -0.03  0.12     -0.12 -0.00 -0.06     0.09     0.39  -0.26    -0.58   1.00 -0.08 -0.10    0.35
ca        0.28  0.12 -0.18      0.10  0.07  0.14    -0.07    -0.21   0.12     0.22  -0.08  1.00  0.15   -0.39
thal      0.07  0.21 -0.16      0.06  0.10 -0.03    -0.01    -0.10   0.21     0.21  -0.10  0.15  1.00   -0.34
target   -0.23 -0.28  0.43     -0.14 -0.09 -0.03     0.14     0.42  -0.44    -0.43   0.35 -0.39 -0.34    1.00
